 
      u         w         q        the        v         p         r        phi        x         y         z        psi    |  aileron     elevator    rudder      
    -0.0296    0.3697   -0.0554   32.1800    0.0000    0.0000    0.0000    0.0000    0.0000    0.0000    0.0000    0.0000    -0.4957E-17  0.1340E-01 -0.7065E-19
    -0.9748   -7.7666  -55.2173    0.0000    0.0000    0.0000    0.0000    0.0000    0.0000    0.0000    0.0000    0.0000     0.1736E-16  0.8474     -0.4336E-17
    -0.0166    0.8072   -6.3036    0.0000    0.0000    0.0000    0.0000    0.0000    0.0000    0.0000    0.0000    0.0000    -0.1776E-16  -1.176      0.1259E-16
     0.0000    0.0000    1.0000    0.0000    0.0000    0.0000    0.0000    0.0000    0.0000    0.0000    0.0000    0.0000      0.000       0.000       0.000    
     0.0000    0.0000    0.0000    0.0000   -0.1500    1.3607   63.5801   32.1800    0.0000    0.0000    0.0000    0.0000    -0.3978     -0.6379E-18 -0.1305    
     0.0000    0.0000    0.0000    0.0000    0.2248  -12.8680    1.9757    0.0000    0.0000    0.0000    0.0000    0.0000      3.100      0.1942E-18  0.9012E-02
     0.0000    0.0000    0.0000    0.0000   -0.0505   -0.4419   -0.3727    0.0000    0.0000    0.0000    0.0000    0.0000     0.7114E-02 -0.4575E-18 -0.6593E-01
     0.0000    0.0000    0.0000    0.0000    0.0000   -1.0000    0.0000    0.0000    0.0000    0.0000    0.0000    0.0000      0.000       0.000       0.000    
     1.0000    0.0000    0.0000    0.1639    0.0000    0.0000    0.0000    0.0000    0.0000    0.0000    0.0000    0.0000      0.000       0.000       0.000    
     0.0000    0.0000    0.0000    0.0000    1.0000    0.0000    0.0000    0.1639    0.0000    0.0000    0.0000   64.5394      0.000       0.000       0.000    
     0.0000    1.0000    0.0000   64.5394    0.0000    0.0000    0.0000    0.0000    0.0000    0.0000    0.0000    0.0000      0.000       0.000       0.000    
     0.0000    0.0000    0.0000    0.0000    0.0000    0.0000   -1.0000    0.0000    0.0000    0.0000    0.0000    0.0000      0.000       0.000       0.000    
